500 7162476
1000 5197756
1500 5976892
2000 3319109
2500 4554342
3000 3220678
3500 6468466
4000 4426690
4500 4759339
5000 3401927
5500 4783677
6000 6135707
6500 4282894
7000 3981860
7500 4191783
8000 8492644
8500 5383721
9000 3560519
9500 11124031
10000 6990808
10500 2576217
11000 7210354
11500 4751412
12000 3638106
12500 3329973
13000 2146853
13500 2606731
14000 6195507
14500 2827511
15000 7582566
15500 1500950
16000 2894156
16500 2356309
17000 1835106
17500 3208770
18000 5778446
18500 1390914
19000 4073424
19500 4993027
