500 6603596
1000 2761692
1500 1702101
2000 1407136
2500 2479452
3000 486321
3500 663653
4000 1494996
4500 1371403
5000 767370
5500 996299
6000 1468722
6500 1434023
7000 2484643
7500 1024155
8000 1491473
8500 1766205
9000 1763296
9500 1332337
10000 417189
10500 3283582
11000 991166
11500 1865249
12000 628036
12500 1483504
13000 1277140
13500 1790460
14000 1289623
14500 1125162
15000 97172
15500 687191
16000 1852782
16500 1191502
17000 2653240
17500 2402207
18000 490923
18500 2115337
19000 2116576
19500 1536139
